nodenumber,    x-coordinate,    y-coordinate,      x-velocity
         1, 5.000000000E+00, 0.000000000E+00, 1.271876373E+00
         2, 5.000000000E+00, 2.911693194E-02, 1.271983718E+00
         3, 5.000000000E+00, 5.823386388E-02, 1.272295969E+00
         4, 5.000000000E+00, 8.735079581E-02, 1.272783049E+00
         5, 5.000000000E+00, 1.164677278E-01, 1.273392479E+00
         6, 5.000000000E+00, 1.455846597E-01, 1.274045995E+00
         7, 5.000000000E+00, 1.747015916E-01, 1.274635175E+00
         8, 5.000000000E+00, 2.038185236E-01, 1.275016336E+00
         9, 5.000000000E+00, 2.329354555E-01, 1.275005489E+00
        10, 5.000000000E+00, 2.620523874E-01, 1.274373925E+00
        11, 5.000000000E+00, 2.911693194E-01, 1.272839348E+00
        12, 5.000000000E+00, 3.202862513E-01, 1.270075892E+00
        13, 5.000000000E+00, 3.494031833E-01, 1.265709159E+00
        14, 5.000000000E+00, 3.785201152E-01, 1.259310490E+00
        15, 5.000000000E+00, 4.076370471E-01, 1.250414800E+00
        16, 5.000000000E+00, 4.367539791E-01, 1.238528677E+00
        17, 5.000000000E+00, 4.658709110E-01, 1.223144051E+00
        18, 5.000000000E+00, 4.949878429E-01, 1.203754986E+00
        19, 5.000000000E+00, 5.241047749E-01, 1.179876223E+00
        20, 5.000000000E+00, 5.532217068E-01, 1.151061867E+00
        21, 5.000000000E+00, 5.823386388E-01, 1.116922926E+00
        22, 5.000000000E+00, 6.114555707E-01, 1.077141954E+00
        23, 5.000000000E+00, 6.405725026E-01, 1.031483849E+00
        24, 5.000000000E+00, 6.696894346E-01, 9.798014873E-01
        25, 5.000000000E+00, 6.988063665E-01, 9.220359906E-01
        26, 5.000000000E+00, 7.279232985E-01, 8.582115590E-01
        27, 5.000000000E+00, 7.570402304E-01, 7.884255245E-01
        28, 5.000000000E+00, 7.861571623E-01, 7.128348829E-01
        29, 5.000000000E+00, 8.146883294E-01, 6.333270871E-01
        30, 5.000000000E+00, 8.406257540E-01, 5.565540760E-01
        31, 5.000000000E+00, 8.642052309E-01, 4.831907788E-01
        32, 5.000000000E+00, 8.856411190E-01, 4.136524840E-01
        33, 5.000000000E+00, 9.051282900E-01, 3.481596200E-01
        34, 5.000000000E+00, 9.228439000E-01, 2.867901340E-01
        35, 5.000000000E+00, 9.389490000E-01, 2.295202267E-01
        36, 5.000000000E+00, 9.535900000E-01, 1.762552216E-01
        37, 5.000000000E+00, 9.669000000E-01, 1.268525679E-01
        38, 5.000000000E+00, 9.790000000E-01, 8.113878015E-02
        39, 5.000000000E+00, 9.900000000E-01, 3.892181065E-02
        40, 5.000000000E+00, 1.000000000E+00, 0.000000000E+00
