nodenumber,    x-coordinate,    y-coordinate,      x-velocity
         1, 5.000000000E+00, 0.000000000E+00, 1.271476319E+00
         2, 5.000000000E+00, 1.088999652E-01, 1.272640538E+00
         3, 5.000000000E+00, 2.140057273E-01, 1.273948389E+00
         4, 5.000000000E+00, 3.136838291E-01, 1.268824017E+00
         5, 5.000000000E+00, 4.066527876E-01, 1.247939537E+00
         6, 5.000000000E+00, 4.920265368E-01, 1.202650211E+00
         7, 5.000000000E+00, 5.693135639E-01, 1.129403957E+00
         8, 5.000000000E+00, 6.383802456E-01, 1.031696799E+00
         9, 5.000000000E+00, 6.993907551E-01, 9.175907505E-01
        10, 5.000000000E+00, 7.527362856E-01, 7.962063099E-01
        11, 5.000000000E+00, 7.989642118E-01, 6.752714302E-01
        12, 5.000000000E+00, 8.387145097E-01, 5.602204692E-01
        13, 5.000000000E+00, 8.726673933E-01, 4.543094591E-01
        14, 5.000000000E+00, 9.015033889E-01, 3.591123103E-01
        15, 5.000000000E+00, 9.258751990E-01, 2.750476474E-01
        16, 5.000000000E+00, 9.463896763E-01, 2.018052637E-01
        17, 5.000000000E+00, 9.635978278E-01, 1.386538182E-01
        18, 5.000000000E+00, 9.779907943E-01, 8.464922908E-02
        19, 5.000000000E+00, 9.899999986E-01, 3.876977976E-02
        20, 5.000000000E+00, 1.000000000E+00, 0.000000000E+00
